100
7 10 5158 13 7481 43 5790 49 2635 54 8477 61 9 65 9266
4 12 6816 59 7147 82 2715 88 5198
6 8 4894 16 6843 37 4848 41 7028 51 5559 81 1592
5 24 1062 52 314 53 1213 75 2283 83 530
3 63 411 67 6726 73 3250
7 14 4635 29 4731 33 9771 49 4373 52 3175 57 4805 63 5923
6 14 9120 34 2896 38 4134 46 7063 51 5386 81 8887
9 12 5211 16 7166 27 3661 36 2506 42 4937 49 1615 50 3804 63 8759 87 7031
5 2 4894 20 6927 21 3850 42 4677 68 3716
5 26 9383 27 30 54 6047 82 810 88 1606
5 0 5158 23 2173 28 2143 51 4099 76 989
7 14 796 20 9647 34 956 37 3788 54 61 66 2075 76 5209
7 1 6816 7 5211 19 3358 65 6155 66 9397 68 761 83 9637
5 0 7481 52 3077 78 4508 81 3942 96 7879
9 5 4635 6 9120 11 796 31 9877 47 7016 60 56 69 2887 70 1601 89 2490
8 28 8254 57 9359 68 3820 74 472 76 612 82 407 98 2546 99 6242
6 2 6843 7 7166 35 4817 41 955 51 1042 80 1580
7 20 3688 28 1522 57 311 59 4276 60 8201 75 43 94 6000
2 74 7118 97 3479
6 12 3358 28 113 31 6230 67 3425 91 8573 98 2417
5 8 6927 11 9647 17 3688 38 281 83 7019
3 8 3850 38 3820 71 1292
4 31 6929 38 5802 56 6461 77 548
10 10 2173 30 3476 32 5312 39 9662 41 5916 43 4649 45 7875 47 2722 65 1643 93 1791
5 3 1062 36 9728 80 4717 86 7045 89 7531
4 37 3891 42 8050 56 4837 67 6695
5 9 9383 34 2881 38 802 69 2812 97 2443
7 7 3661 9 30 43 7589 60 2774 85 2762 86 5810 91 5245
6 10 2143 15 8254 17 1522 19 113 53 8078 85 5321
1 5 4731
1 23 3476
6 14 9877 19 6230 22 6929 44 5096 88 6456 98 4891
5 23 5312 44 7359 46 5120 71 5711 72 7941
2 5 9771 75 3275
6 6 2896 11 956 26 2881 44 2941 45 8009 54 5176
4 16 4817 38 3310 76 4950 87 890
7 7 2506 24 9728 43 3785 60 5342 80 2095 84 4197 85 7864
7 2 4848 11 3788 25 3891 61 2226 68 3071 71 1987 79 96
13 6 4134 20 281 21 3820 22 5802 26 802 35 3310 49 1461 55 5912 69 9259 81 5205 88 4199 92 5114 93 5143
1 23 9662
7 43 9775 45 2381 66 5996 69 4820 84 8114 97 2361 98 1405
9 2 7028 16 955 23 5916 53 4633 65 6942 68 6738 70 4322 84 2667 94 1299
7 7 4937 8 4677 25 8050 60 1473 66 1850 90 1407 93 5741
9 0 5790 23 4649 27 7589 36 3785 40 9775 50 8230 58 7442 82 6821 88 4629
7 31 5096 32 7359 34 2941 47 3840 57 5799 58 1498 97 4631
8 23 7875 34 8009 40 2381 48 4947 51 4421 53 2168 69 2610 98 2134
6 6 7063 32 5120 63 9226 94 496 95 6265 96 1248
6 14 7016 23 2722 44 3840 63 6401 71 5289 86 5009
5 45 4947 51 6437 62 9049 66 6753 86 8052
9 0 2635 5 4373 7 1615 38 1461 51 1599 53 9459 66 5659 70 2592 86 3638
6 7 3804 43 8230 73 314 82 8260 90 5112 95 1218
13 2 5559 6 5386 10 4099 16 1042 45 4421 48 6437 49 1599 58 4266 59 8376 72 7136 77 648 85 6678 92 2184
7 3 314 5 3175 13 3077 67 77 80 6622 82 2280 84 911
7 3 1213 28 8078 41 4633 45 2168 49 9459 69 6604 70 9289
6 0 8477 9 6047 11 61 34 5176 64 9087 89 1379
5 38 5912 58 3264 73 3129 74 8819 95 1467
3 22 6461 25 4837 67 8050
9 5 4805 15 9359 17 311 44 5799 69 6744 73 6726 80 328 87 4357 97 2706
7 43 7442 44 1498 51 4266 55 3264 68 9212 84 5843 92 9205
4 1 7147 17 4276 51 8376 75 8147
8 14 56 17 8201 27 2774 36 5342 42 1473 61 1247 81 7483 91 7166
4 0 9 37 2226 60 1247 93 7644
6 48 9049 65 7023 68 8997 76 2118 84 1582 86 7289
7 4 411 5 5923 7 8759 46 9226 47 6401 69 7869 75 9812
2 54 9087 79 3736
6 0 9266 12 6155 23 1643 41 6942 62 7023 93 2131
7 11 2075 12 9397 40 5996 42 1850 48 6753 49 5659 85 3116
8 4 6726 19 3425 25 6695 52 77 56 8050 74 6749 90 2477 99 6911
7 8 3716 12 761 15 3820 37 3071 41 6738 58 9212 62 8997
13 14 2887 26 2812 38 9259 40 4820 45 2610 53 6604 57 6744 63 7869 73 226 75 6629 81 5362 84 4512 99 2768
6 14 1601 41 4322 49 2592 53 9289 80 7344 98 9449
5 21 1292 32 5711 37 1987 47 5289 76 766
6 32 7941 51 7136 75 6451 77 3160 86 7085 99 8797
5 4 3250 50 314 55 3129 57 6726 69 226
6 15 472 18 7118 55 8819 67 6749 88 3348 93 2972
8 3 2283 17 43 33 3275 59 8147 63 9812 69 6629 72 6451 87 8283
10 10 989 11 5209 15 612 35 4950 62 2118 71 766 77 8196 87 6289 91 2599 93 2477
5 22 548 51 648 72 3160 76 8196 78 4183
4 13 4508 77 4183 90 7393 92 6747
2 37 96 64 3736
6 16 1580 24 4717 36 2095 52 6622 57 328 70 7344
6 2 1592 6 8887 13 3942 38 5205 60 7483 69 5362
6 1 2715 9 810 15 407 43 6821 50 8260 52 2280
5 3 530 12 9637 20 7019 96 1961 97 2565
7 36 4197 40 8114 41 2667 52 911 58 5843 62 1582 69 4512
6 27 2762 28 5321 36 7864 51 6678 66 3116 96 8589
8 24 7045 27 5810 47 5009 48 8052 49 3638 62 7289 72 7085 97 4401
6 7 7031 35 890 57 4357 75 8283 76 6289 89 4817
6 1 5198 9 1606 31 6456 38 4199 43 4629 74 3348
5 14 2490 24 7531 54 1379 87 4817 90 600
6 42 1407 50 5112 67 2477 78 7393 89 600 91 7624
5 19 8573 27 5245 60 7166 76 2599 90 7624
4 38 5114 51 2184 58 9205 78 6747
8 23 1791 38 5143 42 5741 61 7644 65 2131 74 2972 76 2477 96 2525
4 17 6000 41 1299 46 496 95 3860
4 46 6265 50 1218 55 1467 94 3860
5 13 7879 46 1248 83 1961 85 8589 93 2525
7 18 3479 26 2443 40 2361 44 4631 57 2706 83 2565 86 4401
6 15 2546 19 2417 31 4891 40 1405 45 2134 70 9449
4 15 6242 67 6911 69 2768 72 8797

