100
10 10 5158 13 7481 32 9630 43 5790 44 4057 49 2635 54 8477 61 9 65 9266 67 6225
7 12 6816 33 9053 59 7147 69 7405 79 5554 82 2715 88 5198
11 3 8774 8 4894 16 6843 34 1697 37 4848 41 7028 51 5559 81 1592 84 1046 93 5084 98 2057
10 2 8774 10 9648 24 1062 25 6146 33 775 43 9201 52 314 53 1213 75 2283 83 530
5 11 9514 45 3731 63 411 67 6726 73 3250
10 7 2005 14 4635 29 4731 33 9771 47 4407 49 4373 52 3175 57 4805 63 5923 78 9505
9 14 9120 34 2896 38 4134 46 7063 51 5386 67 8362 81 8887 82 1398 92 9400
11 5 2005 12 5211 16 7166 27 3661 36 2506 42 4937 49 1615 50 3804 53 9888 63 8759 87 7031
8 2 4894 20 6927 21 3850 35 5662 37 5773 42 4677 68 3716 88 3590
8 17 8883 26 9383 27 30 32 8618 40 7744 54 6047 82 810 88 1606
11 0 5158 3 9648 14 5186 16 3576 23 2173 26 4773 28 2143 29 8333 31 9460 51 4099 76 989
13 4 9514 14 796 19 7833 20 9647 34 956 37 3788 41 8281 47 9823 54 61 66 2075 76 5209 89 6481 90 6623
13 1 6816 7 5211 19 3358 44 1364 47 9519 59 2446 60 3700 65 6155 66 9397 68 761 75 1630 82 4969 83 9637
9 0 7481 15 2806 26 1248 52 3077 78 4508 81 3942 85 3952 86 1036 96 7879
12 5 4635 6 9120 10 5186 11 796 31 9877 33 3061 44 6456 47 7016 60 56 69 2887 70 1601 89 2490
14 13 2806 28 8254 32 1826 35 2892 57 9359 68 3820 74 472 75 6594 76 612 77 2495 82 407 85 1190 98 2546 99 6242
12 2 6843 7 7166 10 3576 22 6647 31 6812 34 9757 35 4817 41 955 51 1042 56 9756 80 1580 92 38
10 9 8883 20 3688 28 1522 48 8063 51 3767 57 311 59 4276 60 8201 75 43 94 6000
3 36 7719 74 7118 97 3479
14 11 7833 12 3358 28 113 30 8051 31 6230 60 5374 66 6678 67 3425 68 806 84 6578 88 1614 91 8573 92 9581 98 2417
8 8 6927 11 9647 17 3688 25 5699 38 281 48 2698 75 703 83 7019
4 8 3850 38 3820 71 1292 85 70
7 16 6647 31 6929 38 5802 56 6461 77 548 78 1005 80 3953
12 10 2173 30 3476 32 5312 39 9662 41 5916 43 4649 45 7875 46 3697 47 2722 65 1643 71 5839 93 1791
9 3 1062 36 9728 57 3311 66 9321 80 4717 83 1223 86 7045 89 7531 94 9438
9 3 6146 20 5699 37 3891 42 8050 43 6521 56 4837 67 6695 79 2118 84 7266
9 9 9383 10 4773 13 1248 28 1683 30 1832 34 2881 38 802 69 2812 97 2443
11 7 3661 9 30 38 3876 43 7589 52 7126 60 2774 71 4046 74 4382 85 2762 86 5810 91 5245
11 10 2143 15 8254 17 1522 19 113 26 1683 38 2061 41 3175 46 4557 53 8078 54 8735 85 5321
3 5 4731 10 8333 83 1794
4 19 8051 23 3476 26 1832 45 8816
8 10 9460 14 9877 16 6812 19 6230 22 6929 44 5096 88 6456 98 4891
10 0 9630 9 8618 15 1826 23 5312 44 7359 46 5120 51 4623 71 5711 72 7941 86 4380
8 1 9053 3 775 5 9771 14 3061 60 6178 75 3275 87 1440 96 5210
15 2 1697 6 2896 11 956 16 9757 26 2881 35 2788 38 2129 43 6927 44 2941 45 8009 53 6576 54 5176 62 4672 74 7887 94 3586
10 8 5662 15 2892 16 4817 34 2788 38 3310 57 8988 76 4950 85 3672 87 890 93 5836
9 7 2506 18 7719 24 9728 43 3785 46 6216 60 5342 80 2095 84 4197 85 7864
12 2 4848 8 5773 11 3788 25 3891 51 2255 61 2226 64 5963 68 3071 71 1987 73 3620 79 96 85 7860
18 6 4134 20 281 21 3820 22 5802 26 802 27 3876 28 2061 34 2129 35 3310 49 1461 55 5912 69 9259 75 8061 81 5205 84 556 88 4199 92 5114 93 5143
2 23 9662 78 7227
14 9 7744 43 9775 45 2381 52 5204 66 5996 69 4820 73 310 84 8114 88 5736 92 309 93 4626 94 500 97 2361 98 1405
11 2 7028 11 8281 16 955 23 5916 28 3175 53 4633 65 6942 68 6738 70 4322 84 2667 94 1299
10 7 4937 8 4677 25 8050 60 1473 61 5628 66 1850 77 2115 83 7014 90 1407 93 5741
15 0 5790 3 9201 23 4649 25 6521 27 7589 34 6927 36 3785 40 9775 50 8230 58 7442 82 6821 86 1967 88 4629 89 6818 91 8500
12 0 4057 12 1364 14 6456 31 5096 32 7359 34 2941 47 3840 57 5799 58 1498 59 7409 64 6870 97 4631
14 4 3731 23 7875 30 8816 34 8009 40 2381 48 4947 51 4421 53 2168 57 320 68 2763 69 2610 76 2896 96 2324 98 2134
10 6 7063 23 3697 28 4557 32 5120 36 6216 63 9226 81 1917 94 496 95 6265 96 1248
10 5 4407 11 9823 12 9519 14 7016 23 2722 44 3840 63 6401 71 5289 75 3290 86 5009
8 17 8063 20 2698 45 4947 51 6437 62 9049 66 6753 69 5637 86 8052
11 0 2635 5 4373 7 1615 38 1461 51 1599 52 3154 53 9459 54 2850 66 5659 70 2592 86 3638
7 7 3804 43 8230 65 5212 73 314 82 8260 90 5112 95 1218
18 2 5559 6 5386 10 4099 16 1042 17 3767 32 4623 37 2255 45 4421 48 6437 49 1599 58 4266 59 8376 71 8337 72 7136 74 6020 77 648 85 6678 92 2184
10 3 314 5 3175 13 3077 27 7126 40 5204 49 3154 67 77 80 6622 82 2280 84 911
11 3 1213 7 9888 28 8078 34 6576 41 4633 45 2168 49 9459 69 6604 70 9289 81 9206 97 597
11 0 8477 9 6047 11 61 28 8735 34 5176 49 2850 58 4788 64 9087 69 1260 89 1379 99 1231
5 38 5912 58 3264 73 3129 74 8819 95 1467
8 16 9756 22 6461 25 4837 64 3732 67 8050 68 8632 83 4184 96 2431
14 5 4805 15 9359 17 311 24 3311 35 8988 44 5799 45 320 64 1358 66 594 69 6744 73 6726 80 328 87 4357 97 2706
9 43 7442 44 1498 51 4266 54 4788 55 3264 68 9212 84 5843 92 9205 93 5435
10 1 7147 12 2446 17 4276 44 7409 51 8376 65 532 75 8147 83 8264 97 8437 99 327
12 12 3700 14 56 17 8201 19 5374 27 2774 33 6178 36 5342 42 1473 61 1247 81 7483 83 6171 91 7166
7 0 9 37 2226 42 5628 60 1247 85 3115 92 6078 93 7644
9 34 4672 48 9049 65 7023 68 8997 75 6389 76 2118 84 1582 86 7289 91 7372
8 4 411 5 5923 7 8759 46 9226 47 6401 69 7869 75 9812 79 3
9 37 5963 44 6870 54 9087 56 3732 57 1358 65 2566 72 1993 79 3736 81 4311
12 0 9266 12 6155 23 1643 41 6942 50 5212 59 532 62 7023 64 2566 73 6366 93 2131 97 4531 98 188
14 11 2075 12 9397 19 6678 24 9321 40 5996 42 1850 48 6753 49 5659 57 594 71 5752 74 3988 83 5755 85 3116 87 1145
14 0 6225 4 6726 6 8362 19 3425 25 6695 52 77 56 8050 72 6766 74 6749 83 3877 85 5521 86 8261 90 2477 99 6911
10 8 3716 12 761 15 3820 19 806 37 3071 41 6738 45 2763 56 8632 58 9212 62 8997
16 1 7405 14 2887 26 2812 38 9259 40 4820 45 2610 48 5637 53 6604 54 1260 57 6744 63 7869 73 226 75 6629 81 5362 84 4512 99 2768
6 14 1601 41 4322 49 2592 53 9289 80 7344 98 9449
9 21 1292 23 5839 27 4046 32 5711 37 1987 47 5289 51 8337 66 5752 76 766
9 32 7941 51 7136 64 1993 67 6766 75 6451 77 3160 78 5713 86 7085 99 8797
8 4 3250 37 3620 40 310 50 314 55 3129 57 6726 65 6366 69 226
10 15 472 18 7118 27 4382 34 7887 51 6020 55 8819 66 3988 67 6749 88 3348 93 2972
15 3 2283 12 1630 15 6594 17 43 20 703 33 3275 38 8061 47 3290 59 8147 62 6389 63 9812 69 6629 72 6451 87 8283 90 8449
12 10 989 11 5209 15 612 35 4950 45 2896 62 2118 71 766 77 8196 87 6289 91 2599 92 6104 93 2477
8 15 2495 22 548 42 2115 51 648 72 3160 76 8196 78 4183 84 4884
8 5 9505 13 4508 22 1005 39 7227 72 5713 77 4183 90 7393 92 6747
8 1 5554 25 2118 37 96 63 3 64 3736 81 8314 83 8406 98 5493
8 16 1580 22 3953 24 4717 36 2095 52 6622 57 328 70 7344 94 451
11 2 1592 6 8887 13 3942 38 5205 46 1917 53 9206 60 7483 64 4311 69 5362 79 8314 98 4095
10 1 2715 6 1398 9 810 12 4969 15 407 43 6821 50 8260 52 2280 91 9606 96 48
15 3 530 12 9637 20 7019 24 1223 29 1794 42 7014 56 4184 59 8264 60 6171 66 5755 67 3877 79 8406 87 1284 96 1961 97 2565
12 2 1046 19 6578 25 7266 36 4197 38 556 40 8114 41 2667 52 911 58 5843 62 1582 69 4512 77 4884
13 13 3952 15 1190 21 70 27 2762 28 5321 35 3672 36 7864 37 7860 51 6678 61 3115 66 3116 67 5521 96 8589
12 13 1036 24 7045 27 5810 32 4380 43 1967 47 5009 48 8052 49 3638 62 7289 67 8261 72 7085 97 4401
9 7 7031 33 1440 35 890 57 4357 66 1145 75 8283 76 6289 83 1284 89 4817
11 1 5198 8 3590 9 1606 19 1614 31 6456 38 4199 40 5736 43 4629 74 3348 91 5420 94 6544
8 11 6481 14 2490 24 7531 43 6818 54 1379 87 4817 90 600 98 1357
8 11 6623 42 1407 50 5112 67 2477 75 8449 78 7393 89 600 91 7624
9 19 8573 27 5245 43 8500 60 7166 62 7372 76 2599 82 9606 88 5420 90 7624
10 6 9400 16 38 19 9581 38 5114 40 309 51 2184 58 9205 61 6078 76 6104 78 6747
12 2 5084 23 1791 35 5836 38 5143 40 4626 42 5741 58 5435 61 7644 65 2131 74 2972 76 2477 96 2525
9 17 6000 24 9438 34 3586 40 500 41 1299 46 496 80 451 88 6544 95 3860
4 46 6265 50 1218 55 1467 94 3860
10 13 7879 33 5210 45 2324 46 1248 56 2431 82 48 83 1961 85 8589 93 2525 99 9892
10 18 3479 26 2443 40 2361 44 4631 53 597 57 2706 59 8437 65 4531 83 2565 86 4401
11 2 2057 15 2546 19 2417 31 4891 40 1405 45 2134 65 188 70 9449 79 5493 81 4095 89 1357
7 15 6242 54 1231 59 327 67 6911 69 2768 72 8797 96 9892

