100
19 5 3963 10 5158 13 7481 19 3089 27 9899 31 1031 32 9630 43 5790 44 4057 49 2635 51 6023 54 8477 61 9 62 1289 65 9266 67 6225 75 6170 76 3412 86 5005
19 5 679 12 6816 22 8451 28 4296 33 9053 41 5328 44 7975 54 6206 56 807 57 8617 59 7147 61 4774 67 5465 69 7405 79 5554 82 2715 86 8387 88 5198 95 8515
24 3 8774 8 4894 12 6969 13 3624 16 6843 21 8308 24 3267 28 4789 31 5713 34 1697 37 4848 41 7028 51 5559 52 8631 65 6504 66 8111 68 2685 81 1592 84 1046 89 6009 90 468 93 5084 95 3501 98 2057
21 2 8774 7 7823 10 9648 12 1840 14 2992 24 1062 25 6146 31 7956 33 775 34 7772 43 9201 52 314 53 1213 60 7476 68 5948 69 6859 75 2283 83 530 84 1124 86 5133 94 3783
15 8 3570 11 9514 16 7861 18 4657 22 931 40 5400 45 3731 56 4760 63 411 67 6726 73 3250 76 2255 80 995 82 9486 86 9452
21 0 3963 1 679 7 2005 8 9176 11 9674 14 4635 29 4731 33 9771 37 9047 38 6379 43 6050 46 7637 47 4407 49 4373 52 3175 57 4805 62 6274 63 5923 78 9505 90 1529 97 4059
21 14 9120 19 4830 21 5734 29 1586 30 5686 34 2896 38 4134 46 7063 50 9714 51 5386 61 6843 63 5185 67 8362 75 2726 78 2857 79 9712 81 8887 82 1398 83 2740 92 9400 97 3500
22 3 7823 5 2005 8 6198 12 5211 16 7166 19 4131 26 3636 27 3661 36 2506 42 4937 46 3752 49 1615 50 3804 53 9888 54 5510 63 8759 76 7551 87 7031 88 9848 93 7700 95 2579 99 4207
16 2 4894 4 3570 5 9176 7 6198 20 6927 21 3850 35 5662 37 5773 42 4677 54 7693 66 5605 68 3716 71 5738 72 2149 79 1416 88 3590
16 16 2446 17 8883 24 8527 26 9383 27 30 32 8618 36 2019 40 7744 46 6852 49 1315 54 6047 59 1219 61 7960 79 4795 82 810 88 1606
23 0 5158 3 9648 14 5186 16 3576 18 8548 19 3377 23 2173 26 4773 28 2143 29 8333 31 9460 32 586 34 8995 44 9157 45 7180 51 4099 61 1950 64 4315 76 989 78 7863 80 4131 87 9074 89 6243
23 4 9514 5 9674 14 796 16 3508 18 7799 19 7833 20 9647 34 956 36 5096 37 3788 41 8281 47 9823 51 4401 54 61 66 2075 69 816 73 6258 76 5209 78 7671 89 6481 90 6623 96 5661 98 2714
19 1 6816 2 6969 3 1840 7 5211 19 3358 32 5104 43 3927 44 1364 47 9519 50 4115 59 2446 60 3700 62 9179 65 6155 66 9397 68 761 75 1630 82 4969 83 9637
23 0 7481 2 3624 15 2806 22 5031 23 8039 24 959 26 1248 27 443 47 6805 49 3375 52 3077 57 9596 63 1425 66 4174 71 4459 78 4508 79 1191 81 3942 84 9148 85 3952 86 1036 92 4898 96 7879
24 3 2992 5 4635 6 9120 10 5186 11 796 23 7936 25 6969 26 5157 31 9877 33 3061 39 8638 44 6456 47 7016 49 5239 50 4949 59 8266 60 56 69 2887 70 1601 72 5203 75 4869 80 5809 89 2490 91 2603
20 13 2806 23 6274 28 8254 32 1826 33 8577 35 2892 41 2111 52 6453 57 9359 68 3820 74 472 75 6594 76 612 77 2495 82 407 85 1190 87 7077 91 370 98 2546 99 6242
25 2 6843 4 7861 7 7166 9 2446 10 3576 11 3508 22 6647 26 8480 28 1955 31 6812 34 9757 35 4817 37 7364 41 955 45 3634 51 1042 56 9756 64 6541 66 1968 71 9760 72 8701 73 3246 79 115 80 1580 92 38
20 9 8883 20 3688 23 7586 25 9376 27 2817 28 1522 38 3709 44 2317 48 8063 51 3767 54 9557 57 311 59 4276 60 8201 75 43 77 5515 89 4486 90 8031 91 8072 94 6000
15 4 4657 10 8548 11 7799 35 6863 36 7719 42 9841 56 4126 57 8093 59 3536 63 4839 64 8848 71 625 74 7118 93 9185 97 3479
26 0 3089 6 4830 7 4131 10 3377 11 7833 12 3358 28 113 30 8051 31 6230 38 6049 44 4916 52 2299 53 3004 55 3950 60 5374 62 2824 66 6678 67 3425 68 806 69 4291 75 7934 84 6578 88 1614 91 8573 92 9581 98 2417
15 8 6927 11 9647 17 3688 22 3141 25 5699 38 281 48 2698 50 8888 51 7305 66 6828 68 5583 75 703 83 7019 84 1705 87 2146
16 2 8308 6 5734 8 3850 28 6465 36 347 38 3820 40 1079 43 3496 56 301 69 2671 70 6546 71 1292 76 4160 78 2512 85 70 90 5429
21 1 8451 4 931 13 5031 16 6647 20 3141 27 1355 31 6929 38 5802 51 8098 54 1900 56 6461 59 8876 60 2241 61 4000 63 2221 66 9197 77 548 78 1005 80 3953 90 2537 96 6402
22 10 2173 13 8039 14 7936 15 6274 17 7586 30 3476 32 5312 39 9662 41 5916 43 4649 45 7875 46 3697 47 2722 65 1643 71 5839 75 9884 77 5502 80 1656 81 9731 84 8492 93 1791 97 5490
21 2 3267 3 1062 9 8527 13 959 26 4031 29 5650 36 9728 37 8205 38 190 47 8027 57 3311 58 4249 61 8695 66 9321 80 4717 83 1223 84 102 86 7045 89 7531 94 9438 95 8929
18 3 6146 14 6969 17 9376 20 5699 37 3891 40 8916 42 8050 43 6521 56 4837 67 6695 74 5282 78 8500 79 2118 84 7266 86 4681 89 7449 94 9742 96 2813
23 7 3636 9 9383 10 4773 13 1248 14 5157 16 8480 24 4031 28 1683 29 2817 30 1832 34 2881 37 2966 38 802 40 4501 46 2003 49 6805 69 2812 76 7699 77 1163 80 1898 81 8950 86 6049 97 2443
25 0 9899 7 3661 9 30 13 443 17 2817 22 1355 34 3139 37 2542 38 3876 40 3398 43 7589 49 1377 52 7126 60 2774 67 8275 70 1488 71 4046 74 4382 78 52 82 7725 85 2762 86 5810 91 5245 95 7340 97 7286
23 1 4296 2 4789 10 2143 15 8254 16 1955 17 1522 19 113 21 6465 26 1683 34 8335 38 2061 41 3175 46 4557 48 9018 53 8078 54 8735 56 1972 58 8180 73 2929 85 5321 86 2467 90 220 91 3176
12 5 4731 6 1586 10 8333 24 5650 26 2817 36 4739 38 4926 62 9657 83 1794 90 8641 91 2987 96 7224
12 6 5686 19 8051 23 3476 26 1832 44 9187 45 8816 46 9523 57 5465 68 9448 72 1409 80 5723 90 590
17 0 1031 2 5713 3 7956 10 9460 14 9877 16 6812 19 6230 22 6929 40 7747 44 5096 54 885 63 3858 67 1489 77 6027 88 6456 94 5385 98 4891
16 0 9630 9 8618 10 586 12 5104 15 1826 23 5312 36 2739 38 2390 44 7359 46 5120 51 4623 65 8062 71 5711 72 7941 74 6532 86 4380
20 1 9053 3 775 5 9771 14 3061 15 8577 45 6679 52 816 54 257 60 6178 64 3427 65 8267 73 4831 75 3275 79 8465 83 3647 86 5908 87 1440 89 6393 90 5648 96 5210
22 2 1697 3 7772 6 2896 10 8995 11 956 16 9757 26 2881 27 3139 28 8335 35 2788 38 2129 43 6927 44 2941 45 8009 53 6576 54 5176 58 327 62 4672 69 1529 74 7887 88 8606 94 3586
16 8 5662 15 2892 16 4817 18 6863 34 2788 38 3310 48 8499 53 9105 57 8988 76 4950 85 3672 87 890 88 3188 93 5836 95 4879 96 6161
21 7 2506 9 2019 11 5096 18 7719 21 347 24 9728 29 4739 32 2739 38 6225 41 8126 42 4226 43 3785 46 6216 53 2237 60 5342 80 2095 83 5880 84 4197 85 7864 93 5445 96 1741
23 2 4848 5 9047 8 5773 11 3788 16 7364 24 8205 25 3891 26 2966 27 2542 51 2255 54 9601 61 2226 63 5392 64 5963 68 3071 70 8357 71 1987 73 3620 75 6738 77 2999 79 96 85 7860 96 1913
30 5 6379 6 4134 17 3709 19 6049 20 281 21 3820 22 5802 24 190 26 802 27 3876 28 2061 29 4926 32 2390 34 2129 35 3310 36 6225 48 3871 49 1461 55 5912 65 1794 69 9259 75 8061 78 3476 80 6414 81 5205 82 8903 84 556 88 4199 92 5114 93 5143
9 14 8638 23 9662 42 6487 43 3226 58 4159 70 1668 77 7630 78 7227 99 1537
26 4 5400 9 7744 21 1079 25 8916 26 4501 27 3398 31 7747 42 4775 43 9775 45 2381 46 1610 52 5204 55 9317 58 7983 66 5996 69 4820 73 310 74 9707 82 8593 84 8114 88 5736 92 309 93 4626 94 500 97 2361 98 1405
19 1 5328 2 7028 11 8281 15 2111 16 955 23 5916 28 3175 36 8126 49 1028 53 4633 59 5974 64 5244 65 6942 68 6738 70 4322 84 2667 87 1802 91 9220 94 1299
21 7 4937 8 4677 18 9841 25 8050 36 4226 39 6487 40 4775 44 4272 59 9068 60 1473 61 5628 64 4592 66 1850 68 4094 77 2115 81 6632 82 514 83 7014 90 1407 93 5741 98 932
28 0 5790 3 9201 5 6050 12 3927 21 3496 23 4649 25 6521 27 7589 34 6927 36 3785 39 3226 40 9775 46 5971 47 3416 50 8230 58 7442 68 4569 74 9169 77 4894 80 9724 82 6821 86 1967 88 4629 89 6818 90 2283 91 8500 94 7906 97 9811
21 0 4057 1 7975 10 9157 12 1364 14 6456 17 2317 19 4916 30 9187 31 5096 32 7359 34 2941 42 4272 47 3840 51 5890 57 5799 58 1498 59 7409 64 6870 82 385 96 6530 97 4631
22 4 3731 10 7180 16 3634 23 7875 30 8816 33 6679 34 8009 40 2381 48 4947 51 4421 52 6009 53 2168 56 2621 57 320 59 6831 61 9849 68 2763 69 2610 76 2896 77 4145 96 2324 98 2134
19 5 7637 6 7063 7 3752 9 6852 23 3697 26 2003 28 4557 30 9523 32 5120 36 6216 40 1610 43 5971 63 9226 68 4692 75 4997 81 1917 94 496 95 6265 96 1248
19 5 4407 11 9823 12 9519 13 6805 14 7016 23 2722 24 8027 43 3416 44 3840 54 5794 58 8897 61 9626 63 6401 71 5289 75 3290 80 6839 86 5009 90 9139 93 7621
20 17 8063 20 2698 28 9018 35 8499 38 3871 45 4947 51 6437 54 408 59 416 60 962 62 9049 66 6753 69 5637 75 55 76 9624 81 21 83 7766 85 9471 86 8052 97 3518
22 0 2635 5 4373 7 1615 9 1315 13 3375 14 5239 26 6805 27 1377 38 1461 41 1028 51 1599 52 3154 53 9459 54 2850 55 7416 66 5659 69 2551 70 2592 84 7926 86 3638 87 9236 99 7601
15 6 9714 7 3804 12 4115 14 4949 20 8888 43 8230 51 3682 52 3499 65 5212 69 6132 73 314 82 8260 90 5112 93 8891 95 1218
33 0 6023 2 5559 6 5386 10 4099 11 4401 16 1042 17 3767 20 7305 22 8098 32 4623 37 2255 44 5890 45 4421 48 6437 49 1599 50 3682 54 6998 56 6895 58 4266 59 8376 61 1493 68 3634 71 8337 72 7136 74 6020 76 3879 77 648 82 6523 85 6678 90 5907 92 2184 93 7871 94 1066
19 2 8631 3 314 5 3175 13 3077 15 6453 19 2299 27 7126 33 816 40 5204 45 6009 49 3154 50 3499 63 334 67 77 77 4396 80 6622 82 2280 84 911 98 6368
20 3 1213 7 9888 19 3004 28 8078 34 6576 35 9105 36 2237 41 4633 45 2168 49 9459 55 3475 62 3767 68 4155 69 6604 70 9289 78 5876 81 9206 83 4582 93 3031 97 597
26 0 8477 1 6206 7 5510 8 7693 9 6047 11 61 17 9557 22 1900 28 8735 31 885 33 257 34 5176 37 9601 47 5794 48 408 49 2850 51 6998 58 4788 61 3785 64 9087 69 1260 71 5102 83 543 84 4450 89 1379 99 1231
15 19 3950 38 5912 40 9317 49 7416 53 3475 56 2660 58 3264 60 8138 73 3129 74 8819 81 2919 82 9658 86 3703 92 7138 95 1467
20 1 807 4 4760 16 9756 18 4126 21 301 22 6461 25 4837 28 1972 45 2621 51 6895 55 2660 64 3732 67 8050 68 8632 78 1853 83 4184 88 2097 93 5614 95 9880 96 2431
24 1 8617 5 4805 13 9596 15 9359 17 311 18 8093 24 3311 30 5465 35 8988 44 5799 45 320 60 834 64 1358 66 594 69 6744 70 6015 73 6726 80 328 86 3012 87 4357 93 9240 97 2706 98 7212 99 640
20 24 4249 28 8180 34 327 39 4159 40 7983 43 7442 44 1498 47 8897 51 4266 54 4788 55 3264 61 3484 64 1536 68 9212 69 111 77 246 84 5843 92 9205 93 5435 95 6782
25 1 7147 9 1219 12 2446 14 8266 17 4276 18 3536 22 8876 41 5974 42 9068 44 7409 45 6831 48 416 51 8376 64 266 65 532 69 730 73 9223 75 8147 81 6737 83 8264 86 8769 94 8211 96 3280 97 8437 99 327
19 3 7476 12 3700 14 56 17 8201 19 5374 22 2241 27 2774 33 6178 36 5342 42 1473 48 962 55 8138 57 834 61 1247 81 7483 83 6171 91 7166 92 1089 96 1307
19 0 9 1 4774 6 6843 9 7960 10 1950 22 4000 24 8695 37 2226 42 5628 45 9849 47 9626 51 1493 54 3785 58 3484 60 1247 85 3115 92 6078 93 7644 98 69
16 0 1289 5 6274 12 9179 19 2824 29 9657 34 4672 48 9049 53 3767 65 7023 68 8997 70 8616 75 6389 76 2118 84 1582 86 7289 91 7372
19 4 411 5 5923 6 5185 7 8759 13 1425 18 4839 22 2221 31 3858 37 5392 46 9226 47 6401 52 334 64 7346 69 7869 74 2545 75 9812 79 3 84 9354 94 1919
21 10 4315 16 6541 18 8848 33 3427 37 5963 41 5244 42 4592 44 6870 54 9087 56 3732 57 1358 58 1536 59 266 63 7346 65 2566 72 1993 79 3736 81 4311 87 538 89 6357 96 7223
18 0 9266 2 6504 12 6155 23 1643 32 8062 33 8267 38 1794 41 6942 50 5212 59 532 62 7023 64 2566 67 1141 73 6366 74 9722 93 2131 97 4531 98 188
24 2 8111 8 5605 11 2075 12 9397 13 4174 16 1968 19 6678 20 6828 22 9197 24 9321 40 5996 42 1850 48 6753 49 5659 57 594 69 248 70 4173 71 5752 74 3988 83 5755 85 3116 87 1145 98 7318 99 3431
19 0 6225 1 5465 4 6726 6 8362 19 3425 25 6695 27 8275 31 1489 52 77 56 8050 65 1141 72 6766 74 6749 83 3877 85 5521 86 8261 89 3251 90 2477 99 6911
21 2 2685 3 5948 8 3716 12 761 15 3820 19 806 20 5583 30 9448 37 3071 41 6738 42 4094 43 4569 45 2763 46 4692 51 3634 53 4155 56 8632 58 9212 62 8997 80 5889 89 4080
26 1 7405 3 6859 11 816 14 2887 19 4291 21 2671 26 2812 34 1529 38 9259 40 4820 45 2610 48 5637 49 2551 50 6132 53 6604 54 1260 57 6744 58 111 59 730 63 7869 66 248 73 226 75 6629 81 5362 84 4512 99 2768
16 14 1601 21 6546 27 1488 37 8357 39 1668 41 4322 49 2592 53 9289 57 6015 62 8616 66 4173 77 515 80 7344 81 8890 94 3784 98 9449
16 8 5738 13 4459 16 9760 18 625 21 1292 23 5839 27 4046 32 5711 37 1987 47 5289 51 8337 54 5102 66 5752 74 1933 76 766 78 2570
16 8 2149 14 5203 16 8701 30 1409 32 7941 51 7136 64 1993 67 6766 75 6451 77 3160 78 5713 81 4540 86 7085 93 7655 97 2330 99 8797
14 4 3250 11 6258 16 3246 28 2929 33 4831 37 3620 40 310 50 314 55 3129 57 6726 59 9223 65 6366 69 226 78 9487
21 15 472 18 7118 25 5282 27 4382 32 6532 34 7887 40 9707 43 9169 51 6020 55 8819 63 2545 65 9722 66 3988 67 6749 71 1933 79 7512 82 2859 88 3348 93 2972 94 6829 99 7587
24 0 6170 3 2283 6 2726 12 1630 14 4869 15 6594 17 43 19 7934 20 703 23 9884 33 3275 37 6738 38 8061 46 4997 47 3290 48 55 59 8147 62 6389 63 9812 69 6629 72 6451 87 8283 90 8449 99 4133
20 0 3412 4 2255 7 7551 10 989 11 5209 15 612 21 4160 26 7699 35 4950 45 2896 48 9624 51 3879 62 2118 71 766 77 8196 87 6289 91 2599 92 6104 93 2477 98 4405
22 15 2495 17 5515 22 548 23 5502 26 1163 31 6027 37 2999 39 7630 42 2115 43 4894 45 4145 51 648 52 4396 58 246 70 515 72 3160 76 8196 78 4183 82 6796 84 4884 87 7243 90 215
22 5 9505 6 2857 10 7863 11 7671 13 4508 21 2512 22 1005 25 8500 27 52 38 3476 39 7227 53 5876 56 1853 71 2570 72 5713 73 9487 77 4183 85 2758 90 7393 92 6747 93 1928 98 9449
16 1 5554 6 9712 8 1416 9 4795 13 1191 16 115 25 2118 33 8465 37 96 63 3 64 3736 74 7512 81 8314 83 8406 87 7814 98 5493
18 4 995 10 4131 14 5809 16 1580 22 3953 23 1656 24 4717 26 1898 30 5723 36 2095 38 6414 43 9724 47 6839 52 6622 57 328 68 5889 70 7344 94 451
23 2 1592 6 8887 13 3942 23 9731 26 8950 38 5205 42 6632 46 1917 48 21 53 9206 55 2919 59 6737 60 7483 64 4311 69 5362 70 8890 72 4540 79 8314 84 5192 92 5534 93 9095 96 4127 98 4095
23 1 2715 4 9486 6 1398 9 810 12 4969 15 407 27 7725 38 8903 40 8593 42 514 43 6821 44 385 50 8260 51 6523 52 2280 55 9658 74 2859 77 6796 85 221 86 5069 91 9606 96 48 98 8974
22 3 530 6 2740 12 9637 20 7019 24 1223 29 1794 33 3647 36 5880 42 7014 48 7766 53 4582 54 543 56 4184 59 8264 60 6171 66 5755 67 3877 79 8406 87 1284 95 9634 96 1961 97 2565
21 2 1046 3 1124 13 9148 19 6578 20 1705 23 8492 24 102 25 7266 36 4197 38 556 40 8114 41 2667 49 7926 52 911 54 4450 58 5843 62 1582 63 9354 69 4512 77 4884 81 5192
16 13 3952 15 1190 21 70 27 2762 28 5321 35 3672 36 7864 37 7860 48 9471 51 6678 61 3115 66 3116 67 5521 78 2758 82 221 96 8589
26 0 5005 1 8387 3 5133 4 9452 13 1036 24 7045 25 4681 26 6049 27 5810 28 2467 32 4380 33 5908 43 1967 47 5009 48 8052 49 3638 55 3703 57 3012 59 8769 62 7289 67 8261 72 7085 82 5069 87 1964 95 6054 97 4401
18 7 7031 10 9074 15 7077 20 2146 33 1440 35 890 41 1802 49 9236 57 4357 64 538 66 1145 75 8283 76 6289 77 7243 79 7814 83 1284 86 1964 89 4817
15 1 5198 7 9848 8 3590 9 1606 19 1614 31 6456 34 8606 35 3188 38 4199 40 5736 43 4629 56 2097 74 3348 91 5420 94 6544
17 2 6009 10 6243 11 6481 14 2490 17 4486 24 7531 25 7449 33 6393 43 6818 54 1379 64 6357 67 3251 68 4080 87 4817 90 600 98 1357 99 3465
22 2 468 5 1529 11 6623 17 8031 21 5429 22 2537 28 220 29 8641 30 590 33 5648 42 1407 43 2283 47 9139 50 5112 51 5907 67 2477 75 8449 77 215 78 7393 89 600 91 7624 97 7503
15 14 2603 15 370 17 8072 19 8573 27 5245 28 3176 29 2987 41 9220 43 8500 60 7166 62 7372 76 2599 82 9606 88 5420 90 7624
14 6 9400 13 4898 16 38 19 9581 38 5114 40 309 51 2184 55 7138 58 9205 60 1089 61 6078 76 6104 78 6747 81 5534
24 2 5084 7 7700 18 9185 23 1791 35 5836 36 5445 38 5143 40 4626 42 5741 47 7621 50 8891 51 7871 53 3031 56 5614 57 9240 58 5435 61 7644 65 2131 72 7655 74 2972 76 2477 78 1928 81 9095 96 2525
18 3 3783 17 6000 24 9438 25 9742 31 5385 34 3586 40 500 41 1299 43 7906 46 496 51 1066 59 8211 63 1919 70 3784 74 6829 80 451 88 6544 95 3860
14 1 8515 2 3501 7 2579 24 8929 27 7340 35 4879 46 6265 50 1218 55 1467 56 9880 58 6782 83 9634 86 6054 94 3860
22 11 5661 13 7879 22 6402 25 2813 29 7224 33 5210 35 6161 36 1741 37 1913 44 6530 45 2324 46 1248 56 2431 59 3280 60 1307 64 7223 81 4127 82 48 83 1961 85 8589 93 2525 99 9892
19 5 4059 6 3500 18 3479 23 5490 26 2443 27 7286 40 2361 43 9811 44 4631 48 3518 53 597 57 2706 59 8437 65 4531 72 2330 83 2565 86 4401 90 7503 98 5779
21 2 2057 11 2714 15 2546 19 2417 31 4891 40 1405 42 932 45 2134 52 6368 57 7212 61 69 65 188 66 7318 70 9449 76 4405 78 9449 79 5493 81 4095 82 8974 89 1357 97 5779
15 7 4207 15 6242 39 1537 49 7601 54 1231 57 640 59 327 66 3431 67 6911 69 2768 72 8797 74 7587 75 4133 89 3465 96 9892

