500
14 31 142493 52 242638 65 188527 106 142033 162 242692 172 137155 200 138961 262 71965 271 213624 308 220 338 156877 381 85971 399 156638 433 126132
5 52 142068 88 44450 137 249474 245 66398 321 216047
8 130 41506 312 32480 325 233521 354 87152 391 21661 434 112965 460 41962 498 23949
11 52 88181 80 236405 152 24078 159 187956 199 163457 218 145907 255 151779 306 244836 384 8037 409 175399 437 215022
5 51 129982 195 66525 313 164037 376 155491 423 172169
4 230 44758 256 17527 397 139951 483 40133
7 57 104059 220 200975 286 156970 365 143940 398 151036 441 58783 476 214592
6 62 171773 92 89252 164 236502 273 2182 289 217166 414 68417
8 140 108270 148 233892 165 228139 206 134277 273 156396 296 180111 364 3611 379 21563
7 93 33421 180 104464 336 137725 349 186622 393 115026 433 211353 443 130987
5 107 209375 206 228468 283 133698 333 204396 476 88233
8 15 221104 228 64036 256 93939 259 140093 263 217518 408 40108 424 26339 437 17882
5 60 175616 167 119828 282 142835 356 74747 451 11774
5 83 172440 121 82312 207 177104 349 247285 469 166844
7 40 123317 155 143975 156 69212 182 214104 188 122171 222 164570 406 134871
7 11 221104 54 243134 69 27206 97 36302 171 195853 230 165486 369 75833
7 157 200510 216 231870 217 21845 234 214191 320 8578 434 129353 455 157160
8 114 133212 122 26743 191 42967 233 31425 261 7895 268 30566 346 172846 415 13339
6 56 222111 63 46351 167 19515 359 127423 378 57529 450 222870
4 222 67453 301 188409 427 206034 472 176606
6 31 56218 58 239763 114 23454 118 170323 237 217899 266 195225
6 180 60885 192 136901 204 136089 381 56814 430 238190 471 18963
9 170 203242 172 135606 193 157869 245 55306 259 111836 277 219996 315 10335 401 25059 465 54599
10 82 198101 92 119545 97 130986 110 151663 146 54859 168 172236 336 60212 339 169488 368 81896 477 66870
4 63 178044 92 117350 229 94018 282 119950
8 36 50512 148 119215 191 30746 261 80002 311 158109 391 239538 412 51415 469 121705
8 185 227987 233 192460 248 110190 319 56283 397 21469 407 216257 434 9507 487 102287
6 34 75601 96 59525 286 121081 390 107952 472 92395 487 11711
10 63 2515 74 116794 125 87787 132 140991 142 183617 165 246232 277 216489 285 130147 316 149258 423 113994
11 34 27449 50 172238 191 160753 203 2748 260 43332 347 36838 396 133492 421 145402 430 17644 451 38532 463 53559
11 35 244070 107 144495 234 9568 237 27479 243 228101 317 130671 327 69496 407 223970 414 35225 416 69055 495 75536
9 0 142493 20 56218 54 175904 173 72973 257 132479 268 176118 426 230947 471 107516 490 147681
7 231 178002 244 177019 305 172436 368 195533 378 68701 436 76832 487 88189
6 63 112499 70 229823 191 104165 222 80239 259 135737 452 31189
7 27 75601 29 27449 153 143292 216 116159 252 91214 291 29829 355 52209
12 30 244070 61 131324 80 180583 99 104095 171 169499 173 60459 182 63139 245 179470 367 53398 395 46378 436 149436 441 248173
15 25 50512 40 156187 42 163160 186 55230 214 124411 234 94551 250 95846 266 249189 272 138854 312 241981 315 220739 327 37694 335 130799 439 177177 469 194046
4 245 177913 338 112850 432 22695 477 64984
4 155 193235 262 239673 439 42812 495 106023
8 125 44198 134 91614 139 92253 168 72426 247 40690 351 77589 384 190303 457 36041
7 14 123317 36 156187 106 97014 156 21903 163 94925 176 142690 181 25153
7 46 49968 74 153529 210 117861 244 7913 343 93642 364 54159 392 34042
8 36 163160 255 109823 256 237079 257 207385 274 193861 301 201037 342 180746 491 55842
7 273 190696 331 141252 400 245051 454 224692 469 236974 473 152445 496 97068
4 102 174576 172 160871 322 14542 356 144607
8 88 223867 133 236472 137 749 158 91922 201 195145 242 217517 329 140298 430 21124
9 41 49968 160 217178 227 106214 250 142620 255 51821 309 200603 440 209348 442 40470 489 124171
5 69 230769 117 62052 179 34108 414 20394 471 14234
12 73 65134 159 127172 181 50881 196 91717 232 172665 260 139743 274 152382 296 31552 298 30707 357 204713 393 52120 499 194627
5 181 143536 189 161605 242 118770 246 33138 414 195156
8 29 172238 90 131340 116 54744 156 48532 159 238406 312 195435 414 154900 454 48567
10 4 129982 82 183495 90 215413 146 27531 233 30920 256 90319 257 103302 320 108728 372 109691 384 96637
10 0 242638 1 142068 3 88181 124 168636 144 53990 314 123472 319 102704 363 34982 392 198167 469 157294
7 133 120274 140 141434 240 224737 315 170874 383 24917 447 8727 475 164104
10 15 243134 31 175904 82 90120 208 185660 221 230763 224 97412 228 180950 243 119646 320 203649 458 128692
13 73 20041 83 45431 88 10626 171 24087 180 145296 200 135903 217 200549 255 110902 349 20547 373 31970 457 13993 483 142651 493 68378
8 18 222111 99 225023 127 198123 167 108137 188 95466 207 136280 234 229260 273 1517
6 6 104059 98 197393 101 243104 183 128412 366 157695 447 163333
6 20 239763 80 88401 199 77557 208 208680 332 52287 381 131271
4 90 196537 98 38952 415 107702 451 166895
5 12 175616 216 98961 280 18907 343 19168 407 171995
4 35 131324 251 103692 375 41069 418 242855
11 7 171773 94 34222 243 161789 257 100999 304 93231 330 236819 356 169370 414 140855 416 158341 423 47471 483 134957
12 18 46351 24 178044 28 2515 33 112499 97 139629 157 53970 225 27694 237 14808 238 239883 289 118634 298 61622 325 155101
4 98 84612 232 35127 377 78888 412 125215
8 0 188527 111 126783 248 85040 287 241825 314 31946 336 49057 351 43286 432 26094
7 130 31446 239 171496 349 243939 395 29995 427 33991 430 72350 464 123440
12 107 45169 136 189557 137 11144 191 230286 264 77531 270 125419 330 105189 357 214822 389 36436 391 113602 406 86416 481 198570
3 224 146160 409 99339 492 114393
9 15 27206 47 230769 121 24169 139 87768 199 96537 221 204384 277 172347 359 112376 422 230545
8 33 229823 73 35213 118 199993 166 77127 236 179554 319 108535 374 186185 400 146398
10 104 54774 168 111528 202 199266 203 53786 238 176796 253 124712 318 175956 351 40342 376 122695 449 62731
6 129 175614 192 104670 301 1395 346 72737 368 143538 372 165145
6 48 65134 55 20041 70 35213 134 129965 222 162689 277 26700
6 28 116794 41 153529 131 98926 155 248906 287 195643 362 131104
6 142 208008 277 65571 278 152231 340 96263 353 239200 493 167193
6 112 227920 166 216147 263 194283 383 15403 427 29985 499 157310
10 116 158097 163 45998 207 53197 314 69649 365 183120 377 166164 399 159864 410 10249 457 165780 479 233806
6 100 27243 110 102407 175 72878 388 62864 475 255 493 64165
7 134 22040 228 34728 286 235845 293 216741 305 137058 372 11887 373 102631
14 3 236405 35 180583 58 88401 123 189983 208 24060 242 202812 251 181731 258 26245 321 164827 340 118520 341 31077 368 81798 439 168082 478 176968
8 177 80378 326 128537 332 49579 359 245959 398 2889 402 39816 450 59749 459 142931
9 23 198101 51 183495 54 90120 132 213702 174 245884 181 165110 227 152760 364 219284 464 192436
10 13 172440 55 45431 149 17045 166 147358 179 121389 187 185591 282 245870 328 27379 456 204104 483 113181
8 111 167506 137 19683 146 244606 209 40182 227 91581 350 219160 366 195319 419 197614
9 101 4011 102 92946 122 109252 125 236289 286 7836 305 105752 376 1062 455 203429 473 151200
6 192 93470 194 248131 243 203202 256 94919 415 182308 453 204953
5 116 154405 241 170922 270 240852 299 107763 461 9410
10 1 44450 45 223867 55 10626 200 235530 221 20912 278 3048 300 206679 335 90659 452 202399 481 87992
6 143 38354 190 50043 224 58387 363 200805 400 82133 496 172986
8 50 131340 51 215413 59 196537 135 105016 192 184798 249 123397 272 104303 322 217150
4 102 16486 118 59200 208 157995 346 20547
12 7 89252 23 119545 24 117350 104 165880 158 84082 241 89214 266 43584 289 203960 302 60507 315 121944 357 15735 415 178854
9 9 33421 180 194529 207 72345 228 42781 237 104017 244 207304 293 241390 298 89114 468 231479
7 62 34222 135 222208 313 55160 371 179374 476 21710 486 87656 487 190923
8 142 42836 155 56331 221 123871 238 235182 271 45674 297 218986 335 86297 491 60893
10 27 59525 141 2824 196 22603 210 25510 216 14885 234 100190 325 85929 363 152914 406 68581 482 42530
7 15 36302 23 130986 63 139629 177 207441 194 152446 216 128714 460 241452
12 57 197393 59 38952 64 84612 140 197871 194 220379 195 134607 213 5121 267 233639 307 37695 341 20292 443 40659 493 143442
10 35 104095 56 225023 159 157006 192 189423 277 99537 334 168279 345 123591 353 15862 398 149886 458 216042
3 78 27243 102 40903 332 172073
7 57 243104 85 4011 194 7080 240 67976 295 157264 375 17703 439 54078
8 44 174576 85 92946 91 16486 100 40903 201 65737 204 55839 303 104873 418 176879
8 247 10862 325 109509 340 140687 357 160101 373 93253 380 246258 424 42963 493 160263
10 71 54774 92 165880 204 202930 259 184092 272 167349 326 56313 370 69788 395 180312 410 213257 474 169558
8 184 8726 201 27173 284 7580 342 84907 386 151874 441 153727 451 136820 497 72259
7 0 142033 40 97014 119 191682 223 172208 345 67293 351 164967 357 32543
7 10 209375 30 144495 67 45169 194 96252 295 128215 364 160103 473 100123
7 196 196550 219 88107 251 35014 314 122227 316 190326 428 1749 459 34721
5 133 194005 168 146755 281 83419 380 104842 405 72232
14 23 151663 78 102407 111 58909 138 34138 190 146214 269 19853 274 22638 281 162832 315 189733 387 13793 392 25315 406 178164 464 15407 481 161341
6 65 126783 84 167506 110 58909 113 393 196 52350 401 115149
8 76 227920 208 124613 245 210596 267 80014 379 123418 413 4897 453 63938 477 141151
9 111 393 141 90724 159 174612 258 224372 283 45715 285 62727 306 100789 341 180545 400 99606
9 17 133212 20 23454 127 14247 169 21436 204 247688 298 223682 399 8738 444 172975 490 165217
11 232 93155 235 62066 271 492 290 227247 304 242150 315 60482 329 42643 380 234759 386 138649 444 9149 486 37834
15 50 54744 77 158097 87 154405 153 87580 164 133867 218 117142 229 198444 245 127766 261 128578 300 201334 326 41400 379 249078 428 684 462 246327 472 93933
7 47 62052 206 149073 329 83736 389 142022 423 213999 434 104837 496 34344
9 20 170323 70 199993 91 59200 225 169849 238 68591 279 23726 374 2236 412 16584 450 43627
7 106 191682 133 118001 195 243487 358 147135 403 132840 405 245233 468 45135
7 214 183882 238 3868 293 107075 318 235375 379 177651 439 22126 475 225012
6 13 82312 69 24169 331 234891 415 30800 431 177539 432 106273
8 17 26743 85 109252 132 101569 269 207440 320 50706 446 197397 448 189778 473 237844
13 80 189983 169 208915 182 245151 186 217130 188 206766 240 194339 261 142624 309 104472 374 101781 401 118872 423 234721 424 2562 445 149472
9 52 168636 210 96108 301 177964 325 112451 359 188739 383 62491 389 131625 414 180858 433 175170
10 28 87787 39 44198 85 236289 212 202859 236 39635 271 50305 376 170639 421 183114 471 245504 482 70880
4 219 164328 282 121887 335 168725 390 71506
6 56 198123 114 14247 138 157898 179 232841 218 60633 400 37179
7 160 120606 259 236324 266 6062 306 9897 336 118118 371 115610 396 53373
10 72 175614 172 126904 178 107286 185 98060 198 36059 232 10 322 6488 349 191920 392 214220 482 126210
5 2 41506 66 31446 187 74728 273 70084 305 6080
8 74 98926 147 191090 149 70992 186 201276 191 20212 383 194015 385 29311 448 223320
8 28 140991 82 213702 122 101569 141 42406 153 46151 172 72606 404 47823 406 225538
8 45 236472 53 120274 109 194005 119 118001 234 50480 269 36469 444 139171 485 61561
6 39 91614 73 129965 79 22040 226 102024 249 171489 346 70868
4 90 105016 94 222208 262 233933 338 208547
10 67 189557 142 71949 158 5671 187 64061 218 191244 232 110678 285 158793 391 54533 414 194669 454 81159
8 1 249474 45 749 67 11144 84 19683 141 163942 429 69594 465 134182 487 183623
10 110 34138 127 157898 163 152928 193 97680 203 85618 302 69888 394 217375 434 146425 456 132175 458 237467
8 39 92253 69 87768 145 103459 261 179592 344 102117 372 110437 408 42244 464 21977
8 8 108270 53 141434 98 197871 172 210049 269 203579 291 206156 453 248987 497 114057
11 96 2824 113 90724 132 42406 137 163942 190 51928 193 186079 240 227262 241 233249 274 220139 279 231367 486 149193
8 28 183617 75 208008 95 42836 136 71949 161 105355 218 203720 220 163651 294 97462
4 89 38354 343 42055 402 229831 453 5532
6 52 53990 207 79994 273 248112 347 202322 393 162488 425 134091
7 139 103459 183 22891 184 119434 193 124128 249 159645 314 243367 347 221592
11 23 54859 51 27531 84 244606 221 223050 297 121951 326 199683 374 10533 382 240004 415 76364 419 45210 431 61142
4 131 191090 275 146456 369 118064 451 217765
10 8 233892 25 119215 162 92014 219 186481 238 93416 285 95847 325 122347 363 97019 364 144110 455 75274
8 83 17045 131 70992 172 119833 215 246780 233 242629 301 212559 403 205447 420 227798
7 209 131419 227 222172 262 19372 288 137707 290 35593 344 238100 437 38091
9 221 231512 222 23825 256 46753 298 18845 365 83022 374 175039 391 234128 454 14848 467 225848
3 3 24078 177 207273 343 174712
6 34 143292 116 87580 132 46151 233 239980 254 87273 288 80567
2 321 217359 343 56422
7 14 143975 38 193235 74 248906 95 56331 230 157826 338 37519 493 98671
10 14 69212 40 21903 50 48532 203 195238 273 67455 341 42038 365 154988 377 89309 448 38092 458 84653
5 16 200510 63 53970 223 128410 274 22291 438 6696
6 45 91922 92 84082 136 5671 369 206788 429 184086 443 162692
10 3 187956 48 127172 50 238406 99 157006 113 174612 264 214056 323 75832 360 8716 487 155531 493 123250
6 46 217178 128 120606 230 129030 325 203169 414 12928 459 186407
10 142 105355 167 94916 258 116511 269 71054 271 245491 329 125703 406 230399 409 47057 431 244173 434 110374
5 0 242692 148 92014 342 140717 374 83696 480 128850
10 40 94925 77 45998 138 152928 168 154593 308 101154 356 143909 358 112640 359 192803 386 87702 476 135425
9 7 236502 116 133867 222 185451 336 181891 353 8509 363 200124 394 200241 412 142450 486 12338
5 8 228139 28 246232 312 163145 354 247414 480 215513
10 70 77127 76 216147 83 147358 173 59829 260 20558 271 223698 298 194666 327 208345 427 12500 481 131285
8 12 119828 18 19515 56 108137 161 94916 282 83364 295 150224 339 17308 470 154679
8 23 172236 39 72426 71 111528 109 146755 163 154593 286 51070 309 66437 423 184085
8 114 21436 123 208915 229 168319 299 170357 378 82526 419 91905 430 117246 494 245974
6 22 203242 215 169733 218 174563 293 123857 325 109339 330 108897
8 15 195853 35 169499 55 24087 203 216083 270 130443 287 977 310 6030 471 90369
14 0 137155 22 135606 44 160871 129 126904 132 72606 140 210049 149 119833 190 240254 191 53656 220 74119 293 8223 336 111735 338 76998 434 1636
5 31 72973 35 60459 166 59829 235 122808 348 38532
6 82 245884 176 70247 226 201836 267 165708 323 190614 325 13725
6 78 72878 243 214194 267 229447 316 5658 427 92526 433 72177
4 40 142690 174 70247 263 90977 466 37388
6 81 80378 97 207441 152 207273 305 64010 381 56014 483 155263
5 129 107286 194 83411 287 226512 299 92197 467 147063
10 47 34108 83 121389 127 232841 325 61 384 124742 429 43284 439 22419 442 80321 472 103892 476 122951
5 9 104464 21 60885 55 145296 93 194529 213 199003
10 40 25153 48 50881 49 143536 82 165110 286 74495 302 134609 365 161522 391 175458 429 198176 484 43865
7 14 214104 35 63139 123 245151 188 21609 368 43348 379 27484 403 52775
8 57 128412 145 22891 191 156866 199 208977 244 233368 288 127088 290 41461 417 148174
8 105 8726 145 119434 206 38422 216 95390 231 156647 253 66840 420 105763 475 224029
8 26 227987 129 98060 256 60969 298 205818 308 56089 343 77389 356 13840 409 241031
4 36 55230 123 217130 131 201276 377 169802
8 83 185591 130 74728 136 64061 202 71605 315 135891 385 75568 396 2398 484 48192
13 14 122171 56 95466 123 206766 182 21609 262 69341 270 241945 271 222606 280 30113 296 200551 306 37987 308 10311 334 93073 482 89162
8 49 161605 243 174697 254 31612 320 150280 322 246040 355 50062 365 39527 489 80134
9 89 50043 110 146214 141 51928 172 240254 263 93841 287 56114 390 87590 441 105824 460 128877
16 17 42967 25 30746 29 160753 33 104165 67 230286 131 20212 172 53656 183 156866 195 80180 240 97540 275 148997 276 32055 297 112998 303 57807 467 129597 488 60080
7 21 136901 72 104670 86 93470 90 184798 99 189423 466 192678 492 20846
10 22 157869 138 97680 141 186079 145 124128 199 54072 249 36811 323 66721 411 224356 432 56187 469 23138
12 86 248131 97 152446 98 220379 101 7080 107 96252 178 83411 293 232406 323 199062 349 233347 361 60093 378 118338 405 131157
8 4 66525 98 134607 119 243487 191 80180 258 216568 281 79719 340 185743 476 71728
6 48 91717 96 22603 108 196550 111 52350 210 163485 392 182135
4 208 217388 217 81298 368 121773 446 114151
5 129 36059 199 124069 242 244211 246 203226 436 48882
9 3 163457 58 77557 69 96537 183 208977 193 54072 198 124069 281 58089 351 42026 498 38735
9 0 138961 55 135903 88 235530 227 59991 232 15560 293 201190 330 151110 371 244626 411 216542
7 45 195145 102 65737 105 27173 215 246342 292 138588 357 15099 424 204476
8 71 199266 187 71605 263 131130 361 210099 386 218494 428 32099 443 144554 472 12596
8 29 2748 71 53786 138 85618 156 195238 171 216083 226 60936 348 121472 455 133031
15 21 136089 102 55839 104 202930 114 247688 223 232789 231 40553 242 30640 256 154546 279 234804 358 195880 422 62884 462 7782 463 194534 486 59485 491 35385
5 253 98269 353 205026 400 175630 404 135384 473 32733
12 8 134277 10 228468 117 149073 184 38422 212 210715 319 31064 325 76930 342 71775 420 67196 435 45406 458 232362 478 33933
11 13 177104 56 136280 77 53197 93 72345 144 79994 268 116748 296 150541 324 132154 326 174951 340 202060 440 137392
12 54 185660 58 208680 80 24060 91 157995 112 124613 197 217388 341 169804 342 10933 351 108907 382 176804 399 221637 451 106826
6 84 40182 150 131419 291 27647 374 217861 418 247991 474 146308
7 41 117861 96 25510 124 96108 196 163485 292 200003 330 4745 469 144679
5 292 238671 306 27620 321 141269 410 12943 419 176769
12 125 202859 206 210715 220 107644 241 197284 251 195491 272 105081 298 228533 332 46614 386 53287 396 83671 473 11221 495 203851
3 98 5121 180 199003 450 35435
6 36 124411 120 183882 300 37124 320 115721 491 23471 495 61987
9 149 246780 170 169733 201 246342 230 216106 238 132065 252 207402 254 100296 257 244220 472 199244
7 16 231870 34 116159 60 98961 96 14885 97 128714 184 95390 389 123336
6 16 21845 55 200549 197 81298 249 138912 320 12475 447 171808
10 3 145907 116 117142 127 60633 136 191244 142 203720 170 174563 291 187555 380 41848 405 125805 428 46025
7 108 88107 126 164328 148 186481 236 86083 400 245056 412 171904 440 116652
7 6 200975 142 163651 172 74119 212 107644 233 124302 287 146129 294 37730
8 54 230763 69 204384 88 20912 95 123871 146 223050 151 231512 464 35962 488 116704
11 14 164570 19 67453 33 80239 73 162689 151 23825 164 185451 263 38459 297 186707 412 238542 458 109660 480 164552
9 106 172208 157 128410 204 232789 237 96766 256 224402 291 236642 295 201839 433 31092 455 141495
9 54 97412 68 146160 89 58387 225 134225 257 220744 315 188344 411 58029 430 129401 448 190177
10 63 27694 118 169849 224 134225 231 242440 241 124667 242 22266 347 65775 362 50016 494 53777 497 123808
6 134 102024 174 201836 203 60936 261 151417 346 89607 414 149995
10 46 106214 82 152760 84 91581 150 222172 200 59991 266 40527 287 8052 387 104461 452 85232 477 239254
9 11 64036 54 180950 79 34728 93 42781 259 111402 285 200499 377 236493 464 66706 480 214144
8 24 94018 116 198444 169 168319 266 54632 283 66055 385 120137 430 4591 481 58553
7 5 44758 15 165486 155 157826 160 129030 215 216106 375 125933 472 234575
8 32 178002 184 156647 204 40553 225 242440 237 139282 290 83469 322 240712 475 157872
8 48 172665 64 35127 115 93155 129 10 136 110678 200 15560 470 12497 480 31446
9 17 31425 26 192460 51 30920 149 242629 153 239980 220 124302 444 74568 465 94424 474 70418
9 16 214191 30 9568 36 94551 56 229260 96 100190 133 50480 236 52085 237 194862 319 232517
6 115 62066 173 122808 376 82914 411 1810 430 126239 478 112589
6 70 179554 125 39635 219 86083 234 52085 469 192065 476 155531
15 20 217899 30 27479 63 14808 93 104017 223 96766 231 139282 234 194862 272 146006 284 3297 294 167293 315 32047 320 130981 381 69692 436 6481 449 107098
11 63 239883 71 176796 95 235182 118 68591 120 3868 148 93416 215 132065 264 65758 345 203003 411 195022 429 77342
4 66 171496 319 161304 333 212472 355 133285
8 53 224737 101 67976 123 194339 141 227262 191 97540 404 249270 424 94766 466 148203
8 87 170922 92 89214 141 233249 212 197284 225 124667 271 221211 306 81072 425 238669
11 45 217517 49 118770 80 202812 198 244211 204 30640 225 22266 297 188149 299 10469 300 24243 310 228054 430 202914
12 30 228101 54 119646 62 161789 86 203202 175 214194 189 174697 256 162210 305 210787 345 142053 489 88638 490 178358 494 190813
7 32 177019 41 7913 93 207304 183 233368 333 170175 352 31234 406 508
11 1 66398 22 55306 35 179470 37 177913 112 210596 116 127766 259 40275 272 71826 424 199731 432 91667 446 39551
5 49 33138 198 203226 341 35266 374 219317 498 191543
10 39 40690 103 10862 269 73597 307 230750 323 235660 327 16951 333 142613 353 65315 386 29845 415 66798
6 26 110190 65 85040 276 186892 384 43568 405 28425 417 91303
10 90 123397 134 171489 145 159645 193 36811 217 138912 267 238367 279 81294 326 101191 407 137614 454 147904
6 36 95846 46 142620 333 89383 354 131300 425 122737 490 125362
8 61 103692 80 181731 108 35014 212 195491 282 194637 365 7899 450 122325 465 224064
6 34 91214 215 207402 258 92794 327 131353 388 65775 452 128818
11 71 124712 184 66840 205 98269 329 17382 429 128184 448 208353 449 43860 452 85748 454 69339 476 30677 487 172200
8 153 87273 189 31612 215 100296 412 208172 454 231377 471 185695 474 80679 494 224085
10 3 151779 42 109823 46 51821 55 110902 274 176355 288 138995 307 37607 316 235112 345 141236 408 54995
15 5 17527 11 93939 42 237079 51 90319 86 94919 151 46753 185 60969 204 154546 223 224402 243 162210 287 186555 295 211077 344 91574 360 243429 364 179835
9 31 132479 42 207385 51 103302 62 100999 215 244220 224 220744 359 210094 418 185147 453 148860
9 80 26245 113 224372 161 116511 195 216568 252 92794 282 173760 397 201871 411 164390 428 168297
12 11 140093 22 111836 33 135737 104 184092 128 236324 228 111402 245 40275 294 107499 385 16307 433 234275 441 224266 464 55020
8 29 43332 48 139743 166 20558 276 138531 284 178400 350 128492 423 63853 470 16726
7 17 7895 25 80002 116 128578 123 142624 139 179592 226 151417 401 214979
9 0 71965 38 239673 135 233933 150 19372 188 69341 349 19984 437 49199 442 130371 473 42098
16 11 217518 76 194283 176 90977 190 93841 202 131130 222 38459 306 31058 315 8417 321 156532 401 166874 410 57454 423 22946 430 147262 458 200848 479 91610 497 72638
5 67 77531 159 214056 238 65758 335 1921 453 108463
7 277 87569 309 178888 322 92223 349 166432 351 234099 435 243152 443 239020
6 20 195225 36 249189 92 43584 128 6062 227 40527 229 54632
10 98 233639 112 80014 174 165708 175 229447 249 238367 334 49143 398 113825 409 232012 469 76384 472 180477
4 17 30566 31 176118 207 116748 311 94913
9 110 19853 122 207440 133 36469 140 203579 161 71054 247 73597 284 161516 343 104705 424 89491
7 67 125419 87 240852 171 130443 188 241945 290 201902 423 112126 450 65897
10 0 213624 95 45674 115 492 125 50305 161 245491 166 223698 188 222606 241 221211 301 116889 445 34730
8 36 138854 90 104303 104 167349 212 105081 237 146006 245 71826 415 13676 489 163327
10 7 2182 8 156396 43 190696 56 1517 130 70084 144 248112 156 67455 304 114397 321 229007 469 43938
11 42 193861 48 152382 110 22638 141 220139 157 22291 255 176355 279 121331 359 128568 411 183102 466 240097 496 174330
4 147 146456 191 148997 466 30593 492 170754
9 191 32055 248 186892 260 138531 293 82254 397 66951 434 206038 462 179876 477 89055 492 216117
12 22 219996 28 216489 69 172347 73 26700 75 65571 99 99537 265 87569 282 67014 374 222243 431 93323 442 140403 455 249153
7 75 152231 88 3048 353 33230 369 78846 385 136849 387 104010 477 36965
6 118 23726 141 231367 204 234804 249 81294 274 121331 425 30071
5 60 18907 188 30113 447 149825 481 61252 492 58829
7 109 83419 110 162832 195 79719 199 58089 337 202859 340 9209 466 141484
8 12 142835 24 119950 83 245870 126 121887 167 83364 251 194637 258 173760 277 67014
7 10 133698 113 45715 229 66055 341 179104 384 98340 415 105429 430 235638
8 105 7580 237 3297 260 178400 269 161516 365 93308 390 46677 400 109533 479 248976
11 28 130147 113 62727 136 158793 148 95847 228 200499 388 136690 401 8248 421 7611 468 232862 476 170192 482 240458
10 6 156970 27 121081 79 235845 85 7836 168 51070 181 74495 320 34206 339 96218 350 151589 467 197316
11 65 241825 74 195643 171 977 178 226512 190 56114 220 146129 227 8052 256 186555 324 106314 488 68178 493 181753
11 150 137707 153 80567 183 127088 255 138995 330 14961 347 169954 361 157921 369 169497 431 75904 438 109792 497 16127
10 7 217166 63 118634 92 203960 298 123711 320 163588 383 139024 386 164454 415 152807 476 104248 489 159722
8 115 227247 150 35593 183 41461 231 83469 270 201902 386 6181 433 48599 479 170909
8 34 29829 140 206156 209 27647 218 187555 223 236642 320 38688 380 233771 468 136955
7 201 138588 210 200003 211 238671 309 87795 341 111652 382 179499 433 234002
13 79 216741 93 241390 120 107075 170 123857 172 8223 194 232406 200 201190 276 82254 323 27937 421 161693 422 147235 465 147117 483 220933
8 142 97462 220 37730 237 167293 259 107499 343 232148 349 2781 442 155113 462 231964
11 101 157264 107 128215 167 150224 223 201839 256 211077 305 216309 320 6688 376 205315 418 208260 458 19196 472 206922
9 8 180111 48 31552 188 200551 207 150541 325 35775 354 226288 405 169779 447 183329 457 39489
9 95 218986 146 121951 191 112998 222 186707 242 188149 301 109574 306 130496 312 217812 496 8235
12 48 30707 63 61622 93 89114 114 223682 151 18845 166 194666 185 205818 212 228533 289 123711 334 175848 345 182684 478 35244
8 87 107763 169 170357 178 92197 242 10469 327 13406 345 18392 369 232421 401 67668
7 88 206679 116 201334 214 37124 242 24243 303 211411 408 188587 459 180601
10 19 188409 42 201037 72 1395 124 177964 149 212559 271 116889 297 109574 307 118554 417 155502 460 27428
4 92 60507 138 69888 181 134609 457 70905
8 102 104873 191 57807 300 211411 307 31421 342 9689 376 7682 441 24236 460 20106
7 62 93231 115 242150 273 114397 324 106509 411 106892 487 188195 494 199217
13 32 172436 79 137058 85 105752 130 6080 177 64010 243 210787 295 216309 387 65303 425 1720 433 233662 466 24925 467 192625 479 55461
11 3 244836 113 100789 128 9897 188 37987 211 27620 241 81072 263 31058 297 130496 374 128693 427 78496 466 21355
6 98 37695 247 230750 255 37607 301 118554 303 31421 450 76301
5 0 220 163 101154 185 56089 188 10311 310 82374
8 46 200603 123 104472 168 66437 265 178888 292 87795 344 6566 409 163101 444 192330
6 171 6030 242 228054 308 82374 332 73745 378 161017 426 109016
3 25 158109 268 94913 371 143024
6 2 32480 36 241981 50 195435 165 163145 297 217812 421 39863
10 4 164037 94 55160 315 29777 329 176979 384 98968 410 80525 435 216211 459 185776 462 236968 482 134724
9 52 123472 65 31946 77 69649 108 122227 145 243367 340 226723 382 53358 404 15793 434 183692
13 22 10335 36 220739 53 170874 92 121944 110 189733 115 60482 187 135891 224 188344 237 32047 263 8417 313 29777 381 243973 484 149806
7 28 149258 108 190326 175 5658 255 235112 378 247269 407 102236 420 235735
3 30 130671 348 198299 380 55154
4 71 175956 120 235375 323 185133 395 130386
7 26 56283 52 102704 70 108535 206 31064 234 232517 239 161304 372 64126
14 16 8578 51 108728 54 203649 122 50706 189 150280 214 115721 217 12475 237 130981 286 34206 289 163588 291 38688 295 6688 407 110805 438 13548
8 1 216047 80 164827 154 217359 211 141269 263 156532 273 229007 346 203536 408 108629
9 44 14542 90 217150 129 6488 189 246040 231 240712 265 92223 399 94154 427 164331 446 123488
8 159 75832 174 190614 193 66721 194 199062 247 235660 293 27937 318 185133 496 155978
6 207 132154 287 106314 304 106509 333 189200 364 50205 366 197512
14 2 233521 63 155101 96 85929 103 109509 124 112451 148 122347 160 203169 170 109339 174 13725 179 61 206 76930 296 35775 465 53706 474 15478
8 81 128537 104 56313 116 41400 146 199683 207 174951 249 101191 335 28752 490 69785
9 30 69496 36 37694 166 208345 247 16951 252 131353 299 13406 425 85217 488 16181 495 131104
4 83 27379 332 242816 351 135916 487 56644
9 45 140298 115 42643 117 83736 161 125703 253 17382 313 176979 365 160438 491 4720 495 116016
7 62 236819 67 105189 170 108897 200 151110 210 4745 288 14961 427 87865
3 43 141252 121 234891 396 233019
9 58 52287 81 49579 100 172073 212 46614 310 73745 328 242816 416 145034 437 15208 497 86456
13 10 204396 239 212472 244 170175 247 142613 250 89383 324 189200 339 185947 349 6247 359 144955 427 78519 435 28845 466 119061 493 184408
6 99 168279 188 93073 267 49143 298 175848 431 180618 482 618
11 36 130799 88 90659 95 86297 126 168725 264 1921 326 28752 374 170079 419 97695 425 139127 433 208179 497 174171
8 9 137725 23 60212 65 49057 128 118118 164 181891 172 111735 407 180039 416 249489
3 281 202859 421 187177 469 6003
6 0 156877 37 112850 135 208547 155 37519 172 76998 448 81920
7 23 169488 167 17308 286 96218 333 185947 368 183673 433 238801 454 62408
8 75 96263 80 118520 103 140687 195 185743 207 202060 281 9209 314 226723 403 148397
9 80 31077 98 20292 113 180545 156 42038 208 169804 246 35266 283 179104 292 111652 394 185911
6 42 180746 105 84907 162 140717 206 71775 208 10933 303 9689
14 41 93642 60 19168 143 42055 152 174712 154 56422 185 77389 269 104705 294 232148 352 247817 388 210070 404 46564 416 76598 423 23901 451 103545
10 139 102117 150 238100 256 91574 309 6566 364 76322 365 203875 382 134997 403 114483 408 191753 460 41359
11 99 123591 106 67293 238 203003 243 142053 255 141236 298 182684 299 18392 407 135116 414 242327 466 241781 475 153319
7 17 172846 72 72737 91 20547 134 70868 226 89607 321 203536 368 57355
8 29 36838 144 202322 145 221592 225 65775 288 169954 373 242485 421 113712 495 69740
6 173 38532 203 121472 317 198299 376 167049 390 9654 432 104510
13 9 186622 13 247285 55 20547 66 243939 129 191920 194 233347 262 19984 265 166432 294 2781 333 6247 368 5689 437 177950 495 29466
4 84 219160 260 128492 286 151589 460 182855
12 39 77589 65 43286 71 40342 106 164967 199 42026 208 108907 265 234099 328 135916 407 224028 409 8241 472 91078 493 238131
4 244 31234 343 247817 452 151253 473 95361
8 75 239200 99 15862 164 8509 205 205026 247 65315 278 33230 400 185062 478 148689
6 2 87152 165 247414 250 131300 296 226288 385 12959 466 115127
3 34 52209 189 50062 239 133285
7 12 74747 44 144607 62 169370 163 143909 185 13840 381 19293 479 217904
9 48 204713 67 214822 92 15735 103 160101 106 32543 201 15099 370 48711 435 9918 454 214583
3 119 147135 163 112640 204 195880
9 18 127423 69 112376 81 245959 124 188739 163 192803 257 210094 274 128568 333 144955 392 64747
2 159 8716 256 243429
5 194 60093 202 210099 288 157921 376 162557 489 120463
7 74 131104 225 50016 408 114404 421 126575 467 192915 485 58716 499 221703
6 52 34982 89 200805 96 152914 148 97019 164 200124 386 79637
11 8 3611 41 54159 82 219284 107 160103 148 144110 256 179835 324 50205 344 76322 434 178556 454 83558 467 4713
10 6 143940 77 183120 151 83022 156 154988 181 161522 189 39527 251 7899 284 93308 329 160438 344 203875
4 57 157695 84 195319 324 197512 392 239079
2 35 53398 368 171302
11 23 81896 32 195533 72 143538 80 81798 182 43348 197 121773 339 183673 346 57355 349 5689 367 171302 369 67724
7 15 75833 147 118064 158 206788 278 78846 288 169497 299 232421 368 67724
7 104 69788 357 48711 399 83993 464 190958 466 74882 479 171321 499 87273
7 94 179374 128 115610 200 244626 311 143024 410 72035 422 150793 445 176949
6 51 109691 72 165145 79 11887 139 110437 319 64126 495 191199
6 55 31970 79 102631 103 93253 347 242485 396 189299 405 202280
13 70 186185 118 2236 123 101781 146 10533 151 175039 162 83696 209 217861 246 219317 277 222243 306 128693 335 170079 440 84354 472 172085
6 61 41069 101 17703 230 125933 429 120871 449 70796 499 104158
10 4 155491 71 122695 85 1062 125 170639 235 82914 295 205315 303 7682 348 167049 361 162557 481 25125
5 64 78888 77 166164 156 89309 186 169802 228 236493
9 18 57529 32 68701 169 82526 194 118338 310 161017 316 247269 400 216768 450 212923 454 126741
7 8 21563 112 123418 116 249078 120 177651 182 27484 435 208735 469 68345
9 103 246258 109 104842 115 234759 218 41848 291 233771 317 55154 385 206544 399 130286 426 87302
12 0 85971 21 56814 58 131271 177 56014 237 69692 315 243973 356 19293 434 127186 443 48901 455 65484 478 50417 486 121017
8 146 240004 208 176804 292 179499 314 53358 344 134997 389 59540 393 60845 464 153836
9 53 24917 76 15403 124 62491 131 194015 289 139024 386 102028 388 8750 434 246942 461 203122
10 3 8037 39 190303 51 96637 179 124742 248 43568 283 98340 313 98968 439 158487 455 102761 467 62415
10 131 29311 187 75568 229 120137 259 16307 278 136849 354 12959 380 206544 389 190512 421 55367 460 245170
10 105 151874 115 138649 163 87702 202 218494 212 53287 247 29845 289 164454 290 6181 363 79637 383 102028
6 110 13793 227 104461 278 104010 305 65303 413 11742 436 182533
7 78 62864 252 65775 285 136690 343 210070 383 8750 391 105406 422 123080
8 67 36436 117 142022 124 131625 216 123336 382 59540 385 190512 399 238032 451 5404
6 27 107952 126 71506 190 87590 284 46677 348 9654 463 29673
11 2 21661 25 239538 67 113602 136 54533 151 234128 181 175458 388 105406 419 183675 451 186300 460 170035 499 48065
10 41 34042 52 198167 110 25315 129 214220 196 182135 359 64747 366 239079 403 130049 414 126111 415 34264
5 9 115026 48 52120 144 162488 382 60845 426 69503
5 138 217375 164 200241 341 185911 423 112820 435 22642
6 35 46378 66 29995 104 180312 318 130386 417 211847 420 1255
8 29 133492 128 53373 187 2398 212 83671 331 233019 373 189299 429 152065 454 248377
5 5 139951 26 21469 258 201871 276 66951 453 126243
6 6 151036 81 2889 99 149886 267 113825 419 111958 451 68308
9 0 156638 77 159864 114 8738 208 221637 322 94154 370 83993 380 130286 389 238032 442 203411
10 43 245051 70 146398 89 82133 113 99606 127 37179 205 175630 219 245056 284 109533 353 185062 378 216768
8 22 25059 111 115149 123 118872 261 214979 263 166874 285 8248 299 67668 462 230969
2 81 39816 143 229831
6 119 132840 149 205447 182 52775 340 148397 344 114483 392 130049
8 132 47823 205 135384 240 249270 314 15793 343 46564 437 92853 459 21208 472 11358
9 109 72232 119 245233 194 131157 218 125805 248 28425 296 169779 373 202280 452 95372 497 150695
10 14 134871 67 86416 96 68581 110 178164 132 225538 161 230399 244 508 421 130838 469 155880 493 103190
10 26 216257 30 223970 60 171995 249 137614 316 102236 320 110805 336 180039 345 135116 351 224028 424 147482
12 11 40108 139 42244 255 54995 300 188587 321 108629 344 191753 362 114404 459 236827 479 44159 482 104004 495 134738 496 135285
8 3 175399 68 99339 161 47057 185 241031 267 232012 309 163101 351 8241 461 43095
8 77 10249 104 213257 211 12943 263 57454 313 80525 371 72035 428 5552 470 78495
10 193 224356 200 216542 224 58029 235 1810 238 195022 258 164390 274 183102 304 106892 432 212701 490 226163
10 25 51415 64 125215 118 16584 164 142450 219 171904 222 238542 254 208172 419 21657 434 127740 463 81775
4 112 4897 387 11742 432 217314 485 202917
14 7 68417 30 35225 47 20394 49 195156 50 154900 62 140855 124 180858 136 194669 160 12928 226 149995 345 242327 392 126111 477 127109 483 1193
12 17 13339 59 107702 86 182308 92 178854 121 30800 146 76364 247 66798 272 13676 283 105429 289 152807 392 34264 438 32339
9 30 69055 62 158341 332 145034 336 249489 343 76598 433 92746 438 101487 481 49422 497 150287
6 183 148174 248 91303 301 155502 395 211847 456 150260 463 108614
6 61 242855 102 176879 209 247991 257 185147 295 208260 430 238572
9 84 197614 146 45210 169 91905 211 176769 335 97695 391 183675 398 111958 412 21657 487 64626
5 149 227798 184 105763 206 67196 316 235735 395 1255
11 29 145402 125 183114 285 7611 293 161693 312 39863 337 187177 347 113712 362 126575 385 55367 406 130838 485 246297
6 69 230545 204 62884 293 147235 371 150793 388 123080 438 82854
12 4 172169 28 113994 62 47471 117 213999 123 234721 168 184085 260 63853 263 22946 270 112126 343 23901 394 112820 439 207804
9 11 26339 103 42963 123 2562 201 204476 240 94766 245 199731 269 89491 407 147482 447 153734
9 144 134091 241 238669 250 122737 279 30071 305 1720 327 85217 335 139127 471 156045 483 216449
5 31 230947 310 109016 380 87302 393 69503 445 160279
9 19 206034 66 33991 76 29985 166 12500 175 92526 306 78496 322 164331 330 87865 333 78519
6 108 1749 116 684 202 32099 218 46025 258 168297 410 5552
10 137 69594 158 184086 179 43284 181 198176 238 77342 253 128184 375 120871 396 152065 442 52440 498 137054
15 21 238190 29 17644 45 21124 66 72350 169 117246 224 129401 229 4591 235 126239 242 202914 263 147262 283 235638 418 238572 456 1022 477 75112 488 110910
6 121 177539 146 61142 161 244173 277 93323 288 75904 334 180618
9 37 22695 65 26094 121 106273 193 56187 245 91667 348 104510 411 212701 413 217314 494 58376
13 0 126132 9 211353 124 175170 175 72177 223 31092 259 234275 290 48599 292 234002 305 233662 335 208179 339 238801 416 92746 475 82830
14 2 112965 16 129353 26 9507 117 104837 138 146425 161 110374 172 1636 276 206038 314 183692 364 178556 381 127186 383 246942 412 127740 442 168726
8 206 45406 265 243152 313 216211 333 28845 357 9918 379 208735 394 22642 466 205495
5 32 76832 35 149436 198 48882 237 6481 387 182533
8 3 215022 11 17882 150 38091 262 49199 332 15208 349 177950 404 92853 497 249495
7 157 6696 288 109792 320 13548 415 32339 416 101487 422 82854 441 75115
9 36 177177 38 42812 80 168082 101 54078 120 22126 179 22419 384 158487 423 207804 448 121377
5 46 209348 207 137392 219 116652 374 84354 467 178280
9 6 58783 35 248173 105 153727 190 105824 259 224266 303 24236 438 75115 444 216630 470 164905
8 46 40470 179 80321 262 130371 277 140403 294 155113 399 203411 429 52440 434 168726
7 9 130987 98 40659 158 162692 202 144554 265 239020 381 48901 456 136579
7 114 172975 115 9149 133 139171 233 74568 309 192330 441 216630 493 192730
5 123 149472 271 34730 371 176949 426 160279 497 185734
7 122 197397 197 114151 245 39551 322 123488 463 7447 481 177392 496 87312
7 53 8727 57 163333 217 171808 280 149825 296 183329 424 153734 487 58794
9 122 189778 131 223320 156 38092 224 190177 253 208353 338 81920 439 121377 454 15112 476 122464
4 71 62731 237 107098 253 43860 375 70796
9 18 222870 81 59749 118 43627 213 35435 251 122325 270 65897 307 76301 378 212923 459 192130
11 12 11774 29 38532 59 166895 105 136820 147 217765 208 106826 343 103545 389 5404 391 186300 398 68308 480 164586
7 33 31189 88 202399 227 85232 252 128818 253 85748 352 151253 405 95372
8 86 204953 112 63938 140 248987 143 5532 257 148860 264 108463 397 126243 484 205213
15 43 224692 50 48567 136 81159 151 14848 249 147904 253 69339 254 231377 339 62408 357 214583 364 83558 378 126741 396 248377 448 15112 461 222505 489 189088
8 16 157160 85 203429 148 75274 203 133031 223 141495 277 249153 381 65484 384 102761
7 83 204104 138 132175 417 150260 430 1022 443 136579 489 203272 492 82290
5 39 36041 55 13993 77 165780 296 39489 302 70905
8 54 128692 99 216042 138 237467 156 84653 206 232362 222 109660 263 200848 295 19196
8 81 142931 108 34721 160 186407 300 180601 313 185776 404 21208 408 236827 450 192130
10 2 41962 97 241452 190 128877 301 27428 303 20106 344 41359 350 182855 385 245170 391 170035 489 73988
4 87 9410 383 203122 409 43095 454 222505
6 116 246327 204 7782 276 179876 294 231964 313 236968 401 230969
6 29 53559 204 194534 390 29673 412 81775 417 108614 446 7447
9 66 123440 82 192436 110 15407 139 21977 221 35962 228 66706 259 55020 370 190958 382 153836
8 22 54599 137 134182 233 94424 251 224064 293 147117 325 53706 467 217663 486 180489
13 176 37388 192 192678 240 148203 274 240097 275 30593 281 141484 305 24925 306 21355 333 119061 345 241781 354 115127 370 74882 435 205495
11 151 225848 178 147063 191 129597 286 197316 305 192625 362 192915 364 4713 384 62415 440 178280 465 217663 495 154371
5 93 231479 119 45135 285 232862 291 136955 491 199567
14 13 166844 25 121705 36 194046 43 236974 52 157294 193 23138 210 144679 236 192065 267 76384 273 43938 337 6003 379 68345 406 155880 482 63613
5 167 154679 232 12497 260 16726 410 78495 441 164905
7 21 18963 31 107516 47 14234 125 245504 171 90369 254 185695 425 156045
12 19 176606 27 92395 116 93933 179 103892 202 12596 215 199244 230 234575 267 180477 295 206922 351 91078 374 172085 404 11358
10 43 152445 85 151200 107 100123 122 237844 205 32733 212 11221 262 42098 352 95361 476 97271 486 240684
5 104 169558 209 146308 233 70418 254 80679 325 15478
7 53 164104 78 255 120 225012 184 224029 231 157872 345 153319 433 82830
12 6 214592 10 88233 94 21710 163 135425 179 122951 195 71728 236 155531 253 30677 285 170192 289 104248 448 122464 473 97271
9 23 66870 37 64984 112 141151 227 239254 276 89055 278 36965 414 127109 430 75112 493 205292
6 80 176968 206 33933 235 112589 298 35244 353 148689 381 50417
9 77 233806 263 91610 284 248976 290 170909 305 55461 356 217904 370 171321 408 44159 486 229154
6 162 128850 165 215513 222 164552 228 214144 232 31446 451 164586
9 67 198570 88 87992 110 161341 166 131285 229 58553 280 61252 376 25125 416 49422 446 177392
9 96 42530 125 70880 129 126210 188 89162 285 240458 313 134724 334 618 408 104004 469 63613
9 5 40133 55 142651 62 134957 83 113181 177 155263 293 220933 414 1193 425 216449 498 116574
4 181 43865 187 48192 315 149806 453 205213
4 133 61561 362 58716 413 202917 421 246297
9 94 87656 115 37834 141 149193 164 12338 204 59485 381 121017 465 180489 473 240684 479 229154
11 26 102287 27 11711 32 88189 94 190923 137 183623 159 155531 253 172200 304 188195 328 56644 419 64626 447 58794
6 191 60080 221 116704 287 68178 327 16181 430 110910 492 145637
9 46 124171 189 80134 243 88638 272 163327 289 159722 361 120463 454 189088 456 203272 460 73988
6 31 147681 114 165217 243 178358 250 125362 326 69785 411 226163
6 42 55842 95 60893 204 35385 214 23471 329 4720 468 199567
7 68 114393 192 20846 275 170754 276 216117 280 58829 456 82290 488 145637
13 55 68378 75 167193 78 64165 98 143442 103 160263 155 98671 159 123250 287 181753 333 184408 351 238131 406 103190 444 192730 477 205292
6 169 245974 225 53777 243 190813 254 224085 304 199217 432 58376
11 30 75536 38 106023 212 203851 214 61987 327 131104 329 116016 347 69740 349 29466 372 191199 408 134738 467 154371
8 43 97068 89 172986 117 34344 274 174330 297 8235 323 155978 408 135285 446 87312
11 105 72259 140 114057 225 123808 263 72638 288 16127 332 86456 335 174171 405 150695 416 150287 437 249495 445 185734
5 2 23949 199 38735 246 191543 429 137054 483 116574
6 48 194627 76 157310 362 221703 370 87273 375 104158 391 48065

